1 0 30 0
2 31 91 1
3 31 91 1
4 0 4 0
5 0 91 0
6 0 22 0
7 23 91 6
8 23 91 6
9 0 1 0
10 0 3 0
11 4 49 10
12 50 91 11
13 50 91 11
14 4 48 10
15 49 91 14
16 49 91 14
17 0 1 0
18 2 39 17
19 40 91 18
20 40 91 18
21 2 44 17
22 45 91 21
23 45 91 21
24 0 32 0
25 33 91 24
26 33 91 24
27 0 91 0
28 0 17 0
29 18 91 28
30 18 91 28
31 0 22 0
32 23 75 31
33 76 91 32
34 76 91 32
35 23 88 31
36 89 91 35
37 89 91 35
38 0 21 0
39 22 91 38
40 22 91 38
41 0 12 0
42 13 14 41
43 15 51 42
44 52 84 43
45 85 91 44
46 85 91 44
47 52 91 43
48 15 91 42
49 13 50 41
50 51 91 49
51 51 91 49
52 0 57 0
53 58 91 52
54 58 91 52
55 0 33 0
56 34 91 55
57 34 91 55
58 0 30 0
59 31 91 58
60 31 91 58
61 0 7 0
62 8 48 61
63 49 91 62
64 49 91 62
65 8 64 61
66 65 91 65
67 65 91 65
68 0 4 0
69 5 55 68
70 56 91 69
71 56 91 69
72 5 51 68
73 52 91 72
74 52 91 72
75 0 14 0
76 15 91 75
77 15 91 75
78 0 65 0
79 66 91 78
80 66 66 78
81 67 91 80
82 67 91 80
83 0 25 0
84 26 69 83
85 70 91 84
86 70 91 84
87 26 91 83
88 0 2 0
89 3 35 88
90 36 37 89
91 38 91 90
92 38 91 90
93 36 51 89
94 52 61 93
95 62 91 94
96 62 62 94
97 63 64 96
98 65 65 97
99 63 91 96
100 52 53 93
101 54 55 100
102 56 63 101
103 56 56 101
104 57 60 103
105 61 61 104
106 57 59 103
107 54 55 100
108 3 37 88
109 38 91 108
110 38 91 108
111 0 5 0
112 6 40 111
113 41 91 112
114 41 91 112
115 6 41 111
116 42 91 115
117 42 91 115
118 0 3 0
119 4 44 118
120 45 91 119
121 45 91 119
122 4 41 118
123 42 91 122
124 42 91 122
125 0 55 0
126 56 91 125
127 56 91 125
128 0 8 0
129 9 43 128
130 44 91 129
131 44 91 129
132 9 48 128
133 49 91 132
134 49 91 132
135 0 9 0
136 10 37 135
137 38 51 136
138 52 54 137
139 52 52 137
140 38 50 136
141 10 36 135
142 0 13 0
143 0 33 0
144 34 61 143
145 62 63 144
146 64 77 145
147 78 85 146
148 86 91 147
149 86 91 147
150 78 78 146
151 79 91 150
152 79 79 150
153 80 91 152
154 80 91 152
155 79 79 150
156 80 91 155
157 80 90 155
158 91 91 157
159 91 91 157
160 64 76 145
161 64 81 145
162 82 91 161
163 82 91 161
164 62 62 144
165 63 91 164
166 34 60 143
167 0 35 0
168 36 91 167
169 36 61 167
170 0 10 0
171 11 39 170
172 40 77 171
173 40 75 171
174 76 78 173
175 76 91 173
176 11 40 170
177 41 91 176
178 41 82 176
179 83 91 178
180 83 91 178
181 0 13 0
182 14 47 181
183 48 78 182
184 48 90 182
185 91 91 184
186 91 91 184
187 14 44 181
188 45 81 187
189 82 91 188
190 82 91 188
191 45 79 187
192 80 91 191
193 0 12 0
194 13 41 193
195 42 85 194
196 86 91 195
197 86 91 195
198 42 42 194
199 43 45 198
200 46 91 199
201 46 91 199
202 43 90 198
203 91 91 202
204 91 91 202
205 13 41 193
206 0 13 0
207 14 49 206
208 50 91 207
209 50 91 207
210 14 91 206
211 0 10 0
212 11 48 211
213 49 91 212
214 49 91 212
215 11 40 211
216 41 42 215
217 43 91 216
218 43 91 216
219 41 91 215
220 0 91 0
221 0 15 0
222 16 91 221
223 16 91 221
224 0 12 0
225 13 47 224
226 48 91 225
227 48 91 225
228 13 56 224
229 57 91 228
230 57 91 228
231 0 37 0
232 38 91 231
233 38 91 231
234 0 6 0
235 7 14 234
236 7 41 234
237 42 84 236
238 85 91 237
239 85 91 237
240 42 76 236
241 77 91 240
242 77 91 240
243 0 28 0
244 29 91 243
245 29 80 243
246 0 9 0
247 10 11 246
248 12 13 247
249 14 39 248
250 40 46 249
251 47 60 250
252 61 91 251
253 61 91 251
254 47 91 250
255 14 37 248
256 38 38 255
257 38 40 255
258 10 10 246
259 0 8 0
260 3 88 0
261 8 39 0
262 40 91 261
263 40 91 261
264 10 14 0
265 11 91 0
266 17 24 0
267 21 91 0
268 21 34 0
269 23 36 0
270 27 29 0
271 35 36 0
272 38 88 0
273 38 77 0
274 78 91 273
275 78 91 273
276 39 91 0
277 42 44 0
278 43 91 0
279 43 91 0
280 50 52 0
281 61 62 0
282 63 91 0
283 65 91 0
284 75 76 0
285 78 91 0
